x <- c(1, 2, 3, 4, 5)
x + c(2, 2, 2, 2, 2)
x - c(2, 2, 2, 2, 2)
x * c(2, 2, 2, 2, 2)
x / c(2, 2, 2, 2, 2)
x ^ c(2, 2, 2, 2, 2)