x <- 1:10
x
x <- 10:1
x