x <- c(1, 2, 3, 4)
y <- c(2, 4, 6, 8, 10, 12)
x + y
x - y
x * y
x / y