x <- c(1, 2, 3, 4, 5)
x + 2
x - 2
x * 2
x / 2
x ^ 2